sample_id	mutation_id	ref_counts	alt_counts	major_cn	minor_cn	normal_cn
MP2PRT-PATKKY	chr1:114716123:C>T	307	91	1	1	2
MP2PRT-PATKKY	chr1:237773583:C>T	177	70	1	1	2
MP2PRT-PATKKY	chr11:6609130:A>G	233	92	1	1	2
MP2PRT-PATKKY	chr11:30495307:G>A	180	56	1	1	2
MP2PRT-PATKKY	chr13:38687948:G>A	364	141	1	1	2
MP2PRT-PATKKY	chr15:62164087:G>A	479	166	1	1	2
MP2PRT-PATKKY	chr16:53490263:G>A	287	38	1	1	2
MP2PRT-PATKKY	chr16:67620740:G>A	255	72	1	1	2
MP2PRT-PATKKY	chr17:40184610:G>A	191	53	1	1	2
MP2PRT-PATKKY	chr2:219421421:C>T	189	86	1	1	2
MP2PRT-PATKKY	chr20:44051342:G>A	449	102	2	1	2
MP2PRT-PATKKY	chr20:53576608:G>A	226	57	2	1	2
MP2PRT-PATKKY	chr5:24487929:T>A	182	65	1	1	2
MP2PRT-PATKKY	chr6:31900129:C>T	774	228	2	1	2
MP2PRT-PATKKY	chr6:118314137:G>A	419	108	2	1	2
MP2PRT-PATKKY	chr7:50382677:G>A	336	45	1	1	2
MP2PRT-PATKKY	chr7:99731115:C>A	303	65	1	1	2
MP2PRT-PATKKY	chr8:116856695:->A	257	73	1	1	2
MP2PRT-PATKKY	chrX:34639285:C>T	212	101	2	0	1
